time	room_temp	room_humid	temp	humid	press	weather	wat	steps	cal	behavior_id
0	5	0.7	2	0.8	1017	cloudy				2
1	5	0.7	2	0.8	1017	cloudy				2
2	5	0.7	2	0.8	1017	cloudy				2
3	5	0.7	2	0.8	1017	cloudy				2
4	5	0.7	2	0.8	1017	cloudy				2
5	5	0.7	2	0.8	1017	cloudy				2
6	5	0.7	2	0.8	1017	cloudy				2
7	5	0.7	2	0.8	1017	cloudy				2
8	5	0.7	2	0.8	1017	cloudy				2
9	5	0.7	2	0.8	1017	cloudy				2
10	5	0.7	2	0.8	1017	cloudy				2
11	5	0.7	2	0.8	1017	cloudy				2
12	5	0.7	2	0.8	1017	cloudy				2
13	5	0.7	2	0.8	1017	cloudy				2
14	5	0.7	2	0.8	1017	cloudy				2
15	5	0.7	2	0.8	1017	cloudy				2
16	5	0.7	2	0.8	1017	cloudy				2
17	5	0.7	2	0.8	1017	cloudy				2
18	5	0.7	2	0.8	1017	cloudy				2
19	5	0.7	2	0.8	1017	cloudy				2
20	5	0.7	2	0.8	1017	cloudy				2
21	5	0.7	2	0.8	1017	cloudy				2
22	5	0.7	2	0.8	1017	cloudy				2
23	5	0.7	2	0.8	1017	cloudy				2
24	5	0.7	2	0.8	1017	cloudy				2
25	5	0.7	2	0.8	1017	cloudy				2
26	5	0.7	2	0.8	1017	cloudy				2
27	5	0.7	2	0.8	1017	cloudy				2
28	5	0.7	2	0.8	1017	cloudy				2
29	5	0.7	2	0.8	1017	cloudy				2
30	5	0.7	2	0.8	1017	cloudy				2
31	5	0.7	2	0.8	1017	cloudy				2
32	5	0.7	2	0.8	1017	cloudy				2
33	5	0.7	2	0.8	1017	cloudy				2
34	5	0.7	2	0.8	1017	cloudy				2
35	5	0.7	2	0.8	1017	cloudy				2
36	5	0.7	2	0.8	1017	cloudy				2
37	5	0.7	2	0.8	1017	cloudy				2
38	5	0.7	2	0.8	1017	cloudy				2
39	5	0.7	2	0.8	1017	cloudy				2
40	5	0.7	2	0.8	1017	cloudy				2
41	5	0.7	2	0.8	1017	cloudy				2
42	5	0.7	2	0.8	1017	cloudy				2
43	5	0.7	2	0.8	1017	cloudy				2
44	5	0.7	2	0.8	1017	cloudy				2
45	5	0.7	2	0.8	1017	cloudy				2
46	5	0.7	2	0.8	1017	cloudy				2
47	5	0.7	2	0.8	1017	cloudy				2
48	5	0.7	2	0.8	1017	cloudy				2
49	5	0.7	2	0.8	1017	cloudy				2
50	5	0.7	2	0.8	1017	cloudy				2
51	5	0.7	2	0.8	1017	cloudy				2
52	5	0.7	2	0.8	1017	cloudy				2
53	5	0.7	2	0.8	1017	cloudy				2
54	5	0.7	2	0.8	1017	cloudy				2
55	5	0.7	2	0.8	1017	cloudy				2
56	5	0.7	2	0.8	1017	cloudy				2
57	5	0.7	2	0.8	1017	cloudy				2
58	5	0.7	2	0.8	1017	cloudy				2
59	5	0.7	2	0.8	1017	cloudy				2
60	5	0.7	2	0.8	1017	cloudy				2
61	5	0.7	2	0.8	1017	cloudy				2
62	5	0.7	2	0.8	1017	cloudy				2
63	5	0.7	2	0.8	1017	cloudy				2
64	5	0.7	2	0.8	1017	cloudy				2
65	5	0.7	2	0.8	1017	cloudy				2
66	5	0.7	2	0.8	1017	cloudy				2
67	5	0.7	2	0.8	1017	cloudy				2
68	5	0.7	2	0.8	1017	cloudy				2
69	5	0.7	2	0.8	1017	cloudy				2
70	5	0.7	2	0.8	1017	cloudy				2
71	5	0.7	2	0.8	1017	cloudy				2
72	5	0.7	2	0.8	1017	cloudy				2
73	5	0.7	2	0.8	1017	cloudy				2
74	5	0.7	2	0.8	1017	cloudy				2
75	5	0.7	2	0.8	1017	cloudy				2
76	5	0.7	2	0.8	1017	cloudy				2
77	5	0.7	2	0.8	1017	cloudy				2
78	5	0.7	2	0.8	1017	cloudy				2
79	5	0.7	2	0.8	1017	cloudy				2
80	5	0.7	2	0.8	1017	cloudy				2
81	5	0.7	2	0.8	1017	cloudy				2
82	5	0.7	2	0.8	1017	cloudy				2
83	5	0.7	2	0.8	1017	cloudy				2
84	5	0.7	2	0.8	1017	cloudy				2
85	5	0.7	2	0.8	1017	cloudy				2
86	5	0.7	2	0.8	1017	cloudy				2
87	5	0.7	2	0.8	1017	cloudy				2
88	5	0.7	2	0.8	1017	cloudy				2
89	5	0.7	2	0.8	1017	cloudy				2
90	5	0.7	2	0.8	1017	cloudy				2
91	5	0.7	2	0.8	1017	cloudy				2
92	5	0.7	2	0.8	1017	cloudy				2
93	5	0.7	2	0.8	1017	cloudy				2
94	5	0.7	2	0.8	1017	cloudy				2
95	5	0.7	2	0.8	1017	cloudy				2
96	5	0.7	2	0.8	1017	cloudy				2
97	5	0.7	2	0.8	1017	cloudy				2
98	5	0.7	2	0.8	1017	cloudy				2
99	5	0.7	2	0.8	1017	cloudy				2
100	5	0.7	2	0.8	1017	cloudy				2
101	5	0.7	2	0.8	1017	cloudy				2
102	5	0.7	2	0.8	1017	cloudy				2
103	5	0.7	2	0.8	1017	cloudy				2
104	5	0.7	2	0.8	1017	cloudy				2
105	5	0.7	2	0.8	1017	cloudy				2
106	5	0.7	2	0.8	1017	cloudy				2
107	5	0.7	2	0.8	1017	cloudy				2
108	5	0.7	2	0.8	1017	cloudy				2
109	5	0.7	2	0.8	1017	cloudy				2
110	5	0.7	2	0.8	1017	cloudy				2
111	5	0.7	2	0.8	1017	cloudy				2
112	5	0.7	2	0.8	1017	cloudy				2
113	5	0.7	2	0.8	1017	cloudy				2
114	5	0.7	2	0.8	1017	cloudy				2
115	5	0.7	2	0.8	1017	cloudy				2
116	5	0.7	2	0.8	1017	cloudy				2
117	5	0.7	2	0.8	1017	cloudy				2
118	5	0.7	2	0.8	1017	cloudy				2
119	5	0.7	2	0.8	1017	cloudy				2
120	5	0.7	2	0.8	1017	cloudy				2
121	5	0.7	2	0.8	1017	cloudy				2
122	5	0.7	2	0.8	1017	cloudy				2
123	5	0.7	2	0.8	1017	cloudy				2
124	5	0.7	2	0.8	1017	cloudy				2
125	5	0.7	2	0.8	1017	cloudy				2
126	5	0.7	2	0.8	1017	cloudy				2
127	5	0.7	2	0.8	1017	cloudy				2
128	5	0.7	2	0.8	1017	cloudy				2
129	5	0.7	2	0.8	1017	cloudy				2
130	5	0.7	2	0.8	1017	cloudy				2
131	5	0.7	2	0.8	1017	cloudy				2
132	5	0.7	2	0.8	1017	cloudy				2
133	5	0.7	2	0.8	1017	cloudy				2
134	5	0.7	2	0.8	1017	cloudy				2
135	5	0.7	2	0.8	1017	cloudy				2
136	5	0.7	2	0.8	1017	cloudy				2
137	5	0.7	2	0.8	1017	cloudy				2
138	5	0.7	2	0.8	1017	cloudy				2
139	5	0.7	2	0.8	1017	cloudy				2
140	5	0.7	2	0.8	1017	cloudy				2
141	5	0.7	2	0.8	1017	cloudy				2
142	5	0.7	2	0.8	1017	cloudy				2
143	5	0.7	2	0.8	1017	cloudy				2
144	5	0.7	2	0.8	1017	cloudy				2
145	5	0.7	2	0.8	1017	cloudy				2
146	5	0.7	2	0.8	1017	cloudy				2
147	5	0.7	2	0.8	1017	cloudy				2
148	5	0.7	2	0.8	1017	cloudy				2
149	5	0.7	2	0.8	1017	cloudy				2
150	5	0.7	2	0.8	1017	cloudy				2
151	5	0.7	2	0.8	1017	cloudy				2
152	5	0.7	2	0.8	1017	cloudy				2
153	5	0.7	2	0.8	1017	cloudy				2
154	5	0.7	2	0.8	1017	cloudy				2
155	5	0.7	2	0.8	1017	cloudy				2
156	5	0.7	2	0.8	1017	cloudy				2
157	5	0.7	2	0.8	1017	cloudy				2
158	5	0.7	2	0.8	1017	cloudy				2
159	5	0.7	2	0.8	1017	cloudy				2
160	5	0.7	2	0.8	1017	cloudy				2
161	5	0.7	2	0.8	1017	cloudy				2
162	5	0.7	2	0.8	1017	cloudy				2
163	5	0.7	2	0.8	1017	cloudy				2
164	5	0.7	2	0.8	1017	cloudy				2
165	5	0.7	2	0.8	1017	cloudy				2
166	5	0.7	2	0.8	1017	cloudy				2
167	5	0.7	2	0.8	1017	cloudy				2
168	5	0.7	2	0.8	1017	cloudy				2
169	5	0.7	2	0.8	1017	cloudy				2
170	5	0.7	2	0.8	1017	cloudy				2
171	5	0.7	2	0.8	1017	cloudy				2
172	5	0.7	2	0.8	1017	cloudy				2
173	5	0.7	2	0.8	1017	cloudy				2
174	5	0.7	2	0.8	1017	cloudy				2
175	5	0.7	2	0.8	1017	cloudy				2
176	5	0.7	2	0.8	1017	cloudy				2
177	5	0.7	2	0.8	1017	cloudy				2
178	5	0.7	2	0.8	1017	cloudy				2
179	5	0.7	2	0.8	1017	cloudy				2
180	5	0.7	2	0.8	1017	cloudy				2
181	5	0.7	2	0.8	1017	cloudy				2
182	5	0.7	2	0.8	1017	cloudy				2
183	5	0.7	2	0.8	1017	cloudy				2
184	5	0.7	2	0.8	1017	cloudy				2
185	5	0.7	2	0.8	1017	cloudy				2
186	5	0.7	2	0.8	1017	cloudy				2
187	5	0.7	2	0.8	1017	cloudy				2
188	5	0.7	2	0.8	1017	cloudy				2
189	5	0.7	2	0.8	1017	cloudy				2
190	5	0.7	2	0.8	1017	cloudy				2
191	5	0.7	2	0.8	1017	cloudy				2
192	5	0.7	2	0.8	1017	cloudy				2
193	5	0.7	2	0.8	1017	cloudy				2
194	5	0.7	2	0.8	1017	cloudy				2
195	5	0.7	2	0.8	1017	cloudy				2
196	5	0.7	2	0.8	1017	cloudy				2
197	5	0.7	2	0.8	1017	cloudy				2
198	5	0.7	2	0.8	1017	cloudy				2
199	5	0.7	2	0.8	1017	cloudy				2
200	5	0.7	2	0.8	1017	cloudy				2
201	5	0.7	2	0.8	1017	cloudy				2
202	5	0.7	2	0.8	1017	cloudy				2
203	5	0.7	2	0.8	1017	cloudy				2
204	5	0.7	2	0.8	1017	cloudy				2
205	5	0.7	2	0.8	1017	cloudy				2
206	5	0.7	2	0.8	1017	cloudy				2
207	5	0.7	2	0.8	1017	cloudy				2
208	5	0.7	2	0.8	1017	cloudy				2
209	5	0.7	2	0.8	1017	cloudy				2
210	5	0.7	2	0.8	1017	cloudy				2
211	5	0.7	2	0.8	1017	cloudy				2
212	5	0.7	2	0.8	1017	cloudy				2
213	5	0.7	2	0.8	1017	cloudy				2
214	5	0.7	2	0.8	1017	cloudy				2
215	5	0.7	2	0.8	1017	cloudy				2
216	5	0.7	2	0.8	1017	cloudy				2
217	5	0.7	2	0.8	1017	cloudy				2
218	4.8	0.7	1.8	0.8	1017	cloudy				2
219	4.8	0.7	1.8	0.8	1017	cloudy				2
220	4.8	0.7	1.8	0.8	1017	cloudy				2
221	4.8	0.7	1.8	0.8	1017	cloudy				2
222	4.8	0.7	1.8	0.8	1017	cloudy				2
223	4.8	0.7	1.8	0.8	1017	cloudy				2
224	4.8	0.7	1.8	0.8	1017	cloudy				2
225	4.8	0.7	1.8	0.8	1017	cloudy				2
226	4.8	0.7	1.8	0.8	1017	cloudy				2
227	4.8	0.7	1.8	0.8	1017	cloudy				2
228	4.8	0.7	1.8	0.8	1017	cloudy				2
229	4.8	0.7	1.8	0.8	1017	cloudy				2
230	4.8	0.7	1.8	0.8	1017	cloudy				2
231	4.8	0.7	1.8	0.8	1017	cloudy				2
232	4.8	0.7	1.8	0.8	1017	cloudy				2
233	4.8	0.7	1.8	0.8	1017	cloudy				2
234	4.8	0.7	1.8	0.8	1017	cloudy				2
235	4.8	0.7	1.8	0.8	1017	cloudy				2
236	4.8	0.7	1.8	0.8	1017	cloudy				2
237	4.8	0.7	1.8	0.8	1017	cloudy				2
238	4.8	0.7	1.8	0.8	1017	cloudy				2
239	4.8	0.7	1.8	0.8	1017	cloudy				2
240	4.8	0.7	1.8	0.8	1017	cloudy				2
241	4.8	0.7	1.8	0.8	1017	cloudy				2
242	4.8	0.7	1.8	0.8	1017	cloudy				2
243	4.8	0.7	1.8	0.8	1017	cloudy				2
244	4.8	0.7	1.8	0.8	1017	cloudy				2
245	4.8	0.7	1.8	0.8	1017	cloudy				2
246	4.8	0.7	1.8	0.8	1017	cloudy				2
247	4.8	0.7	1.8	0.8	1017	cloudy				2
248	4.8	0.7	1.8	0.8	1017	cloudy				2
249	4.8	0.7	1.8	0.8	1017	cloudy				2
250	4.8	0.7	1.8	0.8	1017	cloudy				2
251	4.8	0.7	1.8	0.8	1017	cloudy				2
252	4.8	0.7	1.8	0.8	1017	cloudy				2
253	4.8	0.7	1.8	0.8	1017	cloudy				2
254	4.8	0.7	1.8	0.8	1017	cloudy				2
255	4.8	0.7	1.8	0.8	1017	cloudy				2
256	4.8	0.7	1.8	0.8	1017	cloudy				2
257	4.8	0.7	1.8	0.8	1017	cloudy				2
258	4.8	0.7	1.8	0.8	1017	cloudy				2
259	4.8	0.7	1.8	0.8	1017	cloudy				2
260	4.8	0.7	1.8	0.8	1017	cloudy				2
261	4.8	0.7	1.8	0.8	1017	cloudy				2
262	4.8	0.7	1.8	0.8	1017	cloudy				2
263	4.8	0.7	1.8	0.8	1017	cloudy				2
264	4.8	0.7	1.8	0.8	1017	cloudy				2
265	4.8	0.7	1.8	0.8	1017	cloudy				2
266	4.8	0.7	1.8	0.8	1017	cloudy				2
267	4.8	0.7	1.8	0.8	1017	cloudy				2
268	4.8	0.7	1.8	0.8	1017	cloudy				2
269	4.8	0.7	1.8	0.8	1017	cloudy				2
270	4.8	0.7	1.8	0.8	1017	cloudy				2
271	4.8	0.7	1.8	0.8	1017	cloudy				2
272	4.8	0.7	1.8	0.8	1017	cloudy				2
273	4.8	0.7	1.8	0.8	1017	cloudy				2
274	4.8	0.7	1.8	0.8	1017	cloudy				2
275	4.8	0.7	1.8	0.8	1017	cloudy				2
276	4.8	0.7	1.8	0.8	1017	cloudy				2
277	4.8	0.7	1.8	0.8	1017	cloudy				2
278	4.8	0.7	1.8	0.8	1017	cloudy				2
279	4.8	0.7	1.8	0.8	1017	cloudy				2
280	4.8	0.7	1.8	0.8	1017	cloudy				2
281	4.6	0.7	1.6	0.8	1017	cloudy				2
282	4.6	0.7	1.6	0.8	1017	cloudy				2
283	4.6	0.7	1.6	0.8	1017	cloudy				2
284	4.6	0.7	1.6	0.8	1017	cloudy				2
285	4.6	0.7	1.6	0.8	1017	cloudy				2
286	4.6	0.7	1.6	0.8	1017	cloudy				2
287	4.6	0.7	1.6	0.8	1017	cloudy				2
288	4.6	0.7	1.6	0.8	1017	cloudy				2
289	4.6	0.7	1.6	0.8	1017	cloudy				2
290	4.6	0.7	1.6	0.8	1017	cloudy				2
291	4.6	0.7	1.6	0.8	1017	cloudy				2
292	4.6	0.7	1.6	0.8	1017	cloudy				2
293	4.6	0.7	1.6	0.8	1017	cloudy				2
294	4.6	0.7	1.6	0.8	1017	cloudy				2
295	4.6	0.7	1.6	0.8	1017	cloudy				2
296	4.6	0.7	1.6	0.8	1017	cloudy				2
297	4.6	0.7	1.6	0.8	1017	cloudy				2
298	4.6	0.7	1.6	0.8	1017	cloudy				2
299	4.6	0.7	1.6	0.8	1017	cloudy				2
300	4.6	0.7	1.6	0.8	1017	cloudy				2
301	4.6	0.7	1.6	0.8	1017	cloudy				2
302	4.6	0.7	1.6	0.8	1017	cloudy				2
303	4.6	0.7	1.6	0.8	1017	cloudy				2
304	4.6	0.7	1.6	0.8	1017	cloudy				2
305	4.6	0.7	1.6	0.8	1017	cloudy				2
306	4.6	0.7	1.6	0.8	1017	cloudy				2
307	4.6	0.7	1.6	0.8	1017	cloudy				2
308	4.6	0.7	1.6	0.8	1017	cloudy				2
309	4.6	0.7	1.6	0.8	1017	cloudy				2
310	4.6	0.7	1.6	0.8	1017	cloudy				2
311	4.6	0.7	1.6	0.8	1017	cloudy				2
312	4.6	0.7	1.6	0.8	1017	cloudy				2
313	4.6	0.7	1.6	0.8	1017	cloudy				2
314	4.6	0.7	1.6	0.8	1017	cloudy				2
315	4.6	0.7	1.6	0.8	1017	cloudy				2
316	4.6	0.7	1.6	0.8	1017	cloudy				2
317	4.6	0.7	1.6	0.8	1017	cloudy				2
318	4.6	0.7	1.6	0.8	1017	cloudy				2
319	4.6	0.7	1.6	0.8	1017	cloudy				2
320	4.6	0.7	1.6	0.8	1017	cloudy				2
321	4.6	0.7	1.6	0.8	1017	cloudy				2
322	4.6	0.7	1.6	0.8	1017	cloudy				2
323	4.6	0.7	1.6	0.8	1017	cloudy				2
324	4.6	0.7	1.6	0.8	1017	cloudy				2
325	4.6	0.7	1.6	0.8	1017	cloudy				2
326	4.6	0.7	1.6	0.8	1017	cloudy				2
327	4.6	0.7	1.6	0.8	1017	cloudy				2
328	4.6	0.7	1.6	0.8	1017	cloudy				2
329	4.6	0.7	1.6	0.8	1017	cloudy				2
330	4.6	0.7	1.6	0.8	1017	cloudy				2
331	4.6	0.7	1.6	0.8	1017	cloudy				2
332	4.6	0.7	1.6	0.8	1017	cloudy				2
333	4.6	0.7	1.6	0.8	1017	cloudy				2
334	4.6	0.7	1.6	0.8	1017	cloudy				2
335	4.6	0.7	1.6	0.8	1017	cloudy				2
336	4.6	0.7	1.6	0.8	1017	cloudy				2
337	4.6	0.7	1.6	0.8	1017	cloudy				2
338	4.6	0.7	1.6	0.8	1017	cloudy				2
339	4.6	0.7	1.6	0.8	1017	cloudy				2
340	4.6	0.7	1.6	0.8	1017	cloudy				2
341	4.6	0.7	1.6	0.8	1017	cloudy				2
342	4.6	0.7	1.6	0.8	1017	cloudy				2
343	4.6	0.7	1.6	0.8	1017	cloudy				2
344	4.6	0.7	1.6	0.8	1017	cloudy				2
345	4.6	0.7	1.6	0.8	1017	cloudy				2
346	4.6	0.7	1.6	0.8	1017	cloudy				2
347	4.6	0.7	1.6	0.8	1017	cloudy				2
348	4.6	0.7	1.6	0.8	1017	cloudy				2
349	4.6	0.7	1.6	0.8	1017	cloudy				2
350	4.6	0.7	1.6	0.8	1017	cloudy				2
351	4.6	0.7	1.6	0.8	1017	cloudy				2
352	4.6	0.7	1.6	0.8	1017	cloudy				2
353	4.6	0.7	1.6	0.8	1017	cloudy				2
354	4.6	0.7	1.6	0.8	1017	cloudy				2
355	4.6	0.7	1.6	0.8	1017	cloudy				2
356	4.6	0.7	1.6	0.8	1017	cloudy				2
357	4.6	0.7	1.6	0.8	1017	cloudy				2
358	4.6	0.7	1.6	0.8	1017	cloudy				2
359	4.6	0.7	1.6	0.8	1017	cloudy				2
360	4.6	0.7	1.6	0.8	1017	sunny				2
361	4.6	0.7	1.6	0.8	1017	sunny				21
362	4.6	0.7	1.6	0.8	1017	sunny				1
363	4.6	0.7	1.6	0.8	1017	sunny				1
364	4.6	0.7	1.6	0.8	1017	sunny				1
365	4.6	0.7	1.6	0.8	1017	sunny				1
366	4.6	0.7	1.6	0.8	1017	sunny				1
367	4.6	0.7	1.6	0.8	1017	sunny				1
368	4.6	0.7	1.6	0.8	1017	sunny				1
369	4.6	0.7	1.6	0.8	1017	sunny				1
370	4.6	0.7	1.6	0.8	1017	sunny				20
371	4.6	0.7	1.6	0.8	1017	sunny				20
372	4.6	0.7	1.6	0.8	1017	sunny				20
373	4.6	0.7	1.6	0.8	1017	sunny				20
374	4.6	0.7	1.6	0.8	1017	sunny				20
375	4.6	0.7	1.6	0.8	1017	sunny				20
376	4.6	0.7	1.6	0.8	1017	sunny				20
377	4.6	0.7	1.6	0.8	1017	sunny				20
378	4.6	0.7	1.6	0.8	1017	sunny				20
379	4.6	0.7	1.6	0.8	1017	sunny				20
380	4.6	0.7	1.6	0.8	1017	sunny				17
381	4.6	0.7	1.6	0.8	1017	sunny				17
382	4.6	0.7	1.6	0.8	1017	sunny				17
383	4.6	0.7	1.6	0.8	1017	sunny				23
384	4.6	0.7	1.6	0.8	1017	sunny				23
385	4.5	0.7	1.5	0.8	1017	sunny				23
386	4.5	0.7	1.5	0.8	1017	sunny				7
387	4.5	0.7	1.5	0.8	1017	sunny				7
388	4.5	0.7	1.5	0.8	1017	sunny				7
389	4.5	0.7	1.5	0.8	1017	sunny				7
390	4.5	0.7	1.5	0.8	1017	sunny				7
391	4.5	0.7	1.5	0.8	1017	sunny				7
392	4.5	0.7	1.5	0.8	1017	sunny				7
393	4.5	0.7	1.5	0.8	1017	sunny				7
394	4.5	0.7	1.5	0.8	1017	sunny				7
395	4.5	0.7	1.5	0.8	1017	sunny				7
396	4.5	0.7	1.5	0.8	1017	sunny				7
397	4.5	0.7	1.5	0.8	1017	sunny				7
398	4.5	0.7	1.5	0.8	1017	sunny				7
399	4.5	0.7	1.5	0.8	1017	sunny				7
400	4.5	0.7	1.5	0.8	1017	sunny				7
401	4.5	0.7	1.5	0.8	1017	sunny				3
402	4.5	0.7	1.5	0.8	1017	sunny				3
403	4.5	0.7	1.5	0.8	1017	sunny				3
404	4.5	0.7	1.5	0.8	1017	sunny				3
405	4.5	0.7	1.5	0.8	1017	sunny				3
406	4.5	0.7	1.5	0.8	1017	sunny				3
407	4.5	0.7	1.5	0.8	1017	sunny				3
408	4.5	0.7	1.5	0.8	1017	sunny				3
409	4.5	0.7	1.5	0.8	1017	sunny				3
410	4.5	0.7	1.5	0.8	1017	sunny				3
411	4.5	0.7	1.5	0.8	1017	sunny				3
412	4.5	0.7	1.5	0.8	1017	sunny				3
413	4.5	0.7	1.5	0.8	1017	sunny				3
414	4.5	0.7	1.5	0.8	1017	sunny				3
415	4.5	0.7	1.5	0.8	1017	sunny				3
416	4.5	0.7	1.5	0.8	1017	sunny				11
417	4.5	0.7	1.5	0.8	1017	sunny				11
418	4.5	0.7	1.5	0.8	1017	sunny				11
419	4.5	0.7	1.5	0.8	1017	sunny				11
420	4.5	0.7	1.5	0.8	1017	sunny				11
421	4.5	0.7	1.5	0.8	1017	sunny				24
422	4.5	0.7	1.5	0.8	1017	sunny				24
423	4.5	0.7	1.5	0.8	1017	sunny				24
424	4.5	0.7	1.5	0.8	1017	sunny				24
425	4.5	0.7	1.5	0.8	1017	sunny				24
426	4.5	0.7	1.5	0.8	1017	sunny				25
427	4.5	0.7	1.5	0.8	1017	sunny				25
428	4.5	0.7	1.5	0.8	1017	sunny				25
429	4.5	0.7	1.5	0.8	1017	sunny				25
430	4.5	0.7	1.5	0.8	1017	sunny				25
431	4.5	0.7	1.5	0.8	1017	sunny				14
432	4.5	0.7	1.5	0.8	1017	sunny				14
433	4.5	0.7	1.5	0.8	1017	sunny				14
434	4.5	0.7	1.5	0.8	1017	sunny				14
435	4.5	0.7	1.5	0.8	1017	sunny				14
436	4.5	0.7	1.5	0.8	1017	sunny				14
437	4.5	0.7	1.5	0.8	1017	sunny				14
438	4.5	0.7	1.5	0.8	1017	sunny				14
439	4.5	0.7	1.5	0.8	1017	sunny				14
440	4.5	0.7	1.5	0.8	1017	sunny				14
441	4.5	0.7	1.5	0.8	1017	sunny				14
442	4.5	0.7	1.5	0.8	1017	sunny				14
443	4.5	0.7	1.5	0.8	1017	sunny				14
444	4.5	0.7	1.5	0.8	1017	sunny				14
445	4.5	0.7	1.5	0.8	1017	sunny				14
446	4.5	0.7	1.5	0.8	1017	sunny				14
447	4.5	0.7	1.5	0.8	1017	sunny				14
448	4.5	0.7	1.5	0.8	1017	sunny				14
449	4.5	0.7	1.5	0.8	1017	sunny				14
450	4.5	0.7	1.5	0.8	1017	sunny				14
451	4.5	0.7	1.5	0.8	1017	sunny				15
452	4.5	0.7	1.5	0.8	1017	sunny				15
453	4.5	0.7	1.5	0.8	1017	sunny				15
454	4.5	0.7	1.5	0.8	1017	sunny				15
455	4.5	0.7	1.5	0.8	1017	sunny				15
456	4.5	0.7	1.5	0.8	1017	sunny				15
457	4.5	0.7	1.5	0.8	1017	sunny				15
458	4.5	0.7	1.5	0.8	1017	sunny				15
459	4.5	0.7	1.5	0.8	1017	sunny				15
460	4.5	0.7	1.5	0.8	1017	sunny				15
461	4.5	0.7	1.5	0.8	1017	sunny				26
462	4.5	0.7	1.5	0.8	1017	sunny				1
463	4.5	0.7	1.5	0.8	1017	sunny				1
464	4.5	0.7	1.5	0.8	1017	sunny				1
465	4.5	0.7	1.5	0.8	1017	sunny				1
466	4.5	0.7	1.5	0.8	1017	sunny				1
467	4.5	0.7	1.5	0.8	1017	sunny				1
468	4.5	0.7	1.5	0.8	1017	sunny				1
469	4.5	0.7	1.5	0.8	1017	sunny				1
470	4.5	0.7	1.5	0.8	1017	sunny				1
471	4.5	0.7	1.5	0.8	1017	sunny				1
472	4.5	0.7	1.5	0.8	1017	sunny				1
473	4.5	0.7	1.5	0.8	1017	sunny				1
474	4.5	0.7	1.5	0.8	1017	sunny				1
475	4.5	0.7	1.5	0.8	1017	sunny				1
476	4.5	0.7	1.5	0.8	1017	sunny				1
477	4.5	0.7	1.5	0.8	1017	sunny				1
478	4.5	0.7	1.5	0.8	1017	sunny				1
479	4.5	0.7	1.5	0.8	1017	sunny				1
480	4.6	0.697510373	1.6	0.797510373	1017	sunny				1
481	4.6	0.695020747	1.6	0.795020747	1017	sunny				1
482	4.6	0.69253112	1.6	0.79253112	1017	sunny				1
483	4.6	0.690041494	1.6	0.790041494	1017	sunny				1
484	4.6	0.687551867	1.6	0.787551867	1017	sunny				1
485	4.6	0.685062241	1.6	0.785062241	1017	sunny				1
486	4.6	0.682572614	1.6	0.782572614	1017	sunny				1
487	4.6	0.680082988	1.6	0.780082988	1017	sunny				1
488	4.6	0.677593361	1.6	0.777593361	1017	sunny				1
489	4.6	0.675103734	1.6	0.775103734	1017	sunny				1
490	4.6	0.672614108	1.6	0.772614108	1017	sunny				1
491	4.6	0.670124481	1.6	0.770124481	1017	sunny				1
492	4.6	0.667634855	1.6	0.767634855	1017	sunny				1
493	4.6	0.665145228	1.6	0.765145228	1017	sunny				1
494	4.6	0.662655602	1.6	0.762655602	1017	sunny				1
495	4.7	0.660165975	1.7	0.760165975	1017	sunny				1
496	4.7	0.657676349	1.7	0.757676349	1017	sunny				1
497	4.7	0.655186722	1.7	0.755186722	1017	sunny				1
498	4.7	0.652697095	1.7	0.752697095	1017	sunny				1
499	4.7	0.650207469	1.7	0.750207469	1017	sunny				1
500	4.7	0.647717842	1.7	0.747717842	1017	sunny				1
501	4.7	0.645228216	1.7	0.745228216	1017	sunny				1
502	4.8	0.642738589	1.8	0.742738589	1017	sunny				1
503	4.8	0.640248963	1.8	0.740248963	1017	sunny				1
504	4.8	0.637759336	1.8	0.737759336	1017	sunny				1
505	4.8	0.63526971	1.8	0.73526971	1017	sunny				1
506	4.8	0.632780083	1.8	0.732780083	1017	sunny				1
507	4.8	0.630290456	1.8	0.730290456	1017	sunny				1
508	4.8	0.62780083	1.8	0.72780083	1017	sunny				1
509	4.8	0.625311203	1.8	0.725311203	1017	sunny				1
510	4.8	0.622821577	1.8	0.722821577	1017	sunny				1
511	4.8	0.62033195	1.8	0.72033195	1017	sunny				1
512	4.9	0.617842324	1.9	0.717842324	1017	sunny				1
513	4.9	0.615352697	1.9	0.715352697	1017	sunny				1
514	4.9	0.612863071	1.9	0.712863071	1017	sunny				1
515	4.9	0.610373444	1.9	0.710373444	1017	sunny				1
516	5	0.607883817	2	0.707883817	1017	sunny				1
517	5	0.605394191	2	0.705394191	1017	sunny				1
518	5	0.602904564	2	0.702904564	1017	sunny				1
519	5	0.600414938	2	0.700414938	1017	sunny				1
520	5	0.597925311	2	0.697925311	1017	sunny				1
521	5.1	0.595435685	2.1	0.695435685	1017	sunny				1
522	5.1	0.592946058	2.1	0.692946058	1017	sunny				1
523	5.1	0.590456432	2.1	0.690456432	1017	sunny				1
524	5.1	0.587966805	2.1	0.687966805	1017	sunny				1
525	5.1	0.585477178	2.1	0.685477178	1017	sunny				1
526	5.1	0.582987552	2.1	0.682987552	1017	sunny				1
527	5.1	0.580497925	2.1	0.680497925	1017	sunny				1
528	5.2	0.578008299	2.2	0.678008299	1017	sunny				1
529	5.2	0.575518672	2.2	0.675518672	1017	sunny				1
530	5.2	0.573029046	2.2	0.673029046	1017	sunny				1
531	5.2	0.570539419	2.2	0.670539419	1017	sunny				1
532	5.2	0.568049793	2.2	0.668049793	1017	sunny				1
533	5.3	0.565560166	2.3	0.665560166	1017	sunny				1
534	5.3	0.563070539	2.3	0.663070539	1017	sunny				1
535	5.3	0.560580913	2.3	0.660580913	1017	sunny				1
536	5.4	0.558091286	2.4	0.658091286	1017	sunny				1
537	5.4	0.55560166	2.4	0.65560166	1017	sunny				1
538	5.4	0.553112033	2.4	0.653112033	1017	sunny				1
539	5.4	0.550622407	2.4	0.650622407	1017	sunny				1
540	5.4	0.54813278	2.4	0.64813278	1017	sunny				1
541	5.4	0.545643154	2.4	0.645643154	1017	sunny				1
542	5.4	0.543153527	2.4	0.643153527	1017	sunny				1
543	5.4	0.5406639	2.4	0.6406639	1017	sunny				1
544	5.4	0.538174274	2.4	0.638174274	1017	sunny				1
545	5.5	0.535684647	2.5	0.635684647	1017	sunny				1
546	5.5	0.533195021	2.5	0.633195021	1017	sunny				1
547	5.5	0.530705394	2.5	0.630705394	1017	sunny				1
548	5.5	0.528215768	2.5	0.628215768	1017	sunny				1
549	5.6	0.525726141	2.6	0.625726141	1017	sunny				1
550	5.6	0.523236515	2.6	0.623236515	1017	sunny				1
551	5.6	0.520746888	2.6	0.620746888	1017	sunny				1
552	5.6	0.518257261	2.6	0.618257261	1017	sunny				1
553	5.7	0.515767635	2.7	0.615767635	1017	sunny				1
554	5.7	0.513278008	2.7	0.613278008	1017	sunny				1
555	5.7	0.510788382	2.7	0.610788382	1017	sunny				1
556	5.7	0.508298755	2.7	0.608298755	1017	sunny				1
557	5.7	0.505809129	2.7	0.605809129	1017	sunny				1
558	5.7	0.503319502	2.7	0.603319502	1017	sunny				1
559	5.8	0.500829876	2.8	0.600829876	1017	sunny				1
560	5.8	0.498340249	2.8	0.598340249	1017	sunny				1
561	5.8	0.495850622	2.8	0.595850622	1017	sunny				1
562	5.8	0.493360996	2.8	0.593360996	1017	sunny				1
563	5.8	0.490871369	2.8	0.590871369	1017	sunny				1
564	5.8	0.488381743	2.8	0.588381743	1017	sunny				1
565	5.8	0.485892116	2.8	0.585892116	1017	sunny				1
566	5.8	0.48340249	2.8	0.58340249	1017	sunny				1
567	5.8	0.480912863	2.8	0.580912863	1017	sunny				1
568	5.8	0.478423237	2.8	0.578423237	1017	sunny				1
569	5.8	0.47593361	2.8	0.57593361	1017	sunny				1
570	5.8	0.473443983	2.8	0.573443983	1017	sunny				1
571	5.9	0.470954357	2.9	0.570954357	1017	sunny				1
572	5.9	0.46846473	2.9	0.56846473	1017	sunny				1
573	5.9	0.465975104	2.9	0.565975104	1017	sunny				1
574	5.9	0.463485477	2.9	0.563485477	1017	sunny				1
575	5.9	0.460995851	2.9	0.560995851	1017	sunny				1
576	5.9	0.458506224	2.9	0.558506224	1017	sunny				1
577	5.9	0.456016598	2.9	0.556016598	1017	sunny				1
578	5.9	0.453526971	2.9	0.553526971	1017	sunny				1
579	6	0.451037344	3	0.551037344	1017	sunny				1
580	6	0.448547718	3	0.548547718	1017	sunny				1
581	6	0.446058091	3	0.546058091	1017	sunny				1
582	6	0.443568465	3	0.543568465	1017	sunny				1
583	6	0.441078838	3	0.541078838	1017	sunny				1
584	6	0.438589212	3	0.538589212	1017	sunny				1
585	6	0.436099585	3	0.536099585	1017	sunny				1
586	6	0.433609959	3	0.533609959	1017	sunny				1
587	6	0.431120332	3	0.531120332	1017	sunny				1
588	6.1	0.428630705	3.1	0.528630705	1017	sunny				1
589	6.1	0.426141079	3.1	0.526141079	1017	sunny				1
590	6.2	0.423651452	3.2	0.523651452	1017	sunny				1
591	6.3	0.421161826	3.3	0.521161826	1017	sunny				1
592	6.3	0.418672199	3.3	0.518672199	1017	sunny				1
593	6.5	0.416182573	3.5	0.516182573	1017	sunny				1
594	6.7	0.413692946	3.7	0.513692946	1017	sunny				1
595	6.7	0.41120332	3.7	0.51120332	1017	sunny				1
596	6.7	0.408713693	3.7	0.508713693	1017	sunny				1
597	6.7	0.406224066	3.7	0.506224066	1017	sunny				1
598	6.7	0.40373444	3.7	0.50373444	1017	sunny				1
599	6.7	0.401244813	3.7	0.501244813	1017	sunny				1
600	6.8	0.398755187	3.8	0.498755187	1017	sunny				1
601	6.8	0.39626556	3.8	0.49626556	1017	sunny				1
602	6.8	0.393775934	3.8	0.493775934	1017	sunny				1
603	6.8	0.391286307	3.8	0.491286307	1017	sunny				1
604	6.8	0.38879668	3.8	0.48879668	1017	sunny				1
605	6.8	0.386307054	3.8	0.486307054	1017	sunny				1
606	6.9	0.383817427	3.9	0.483817427	1017	sunny				1
607	6.9	0.381327801	3.9	0.481327801	1017	sunny				1
608	6.9	0.378838174	3.9	0.478838174	1017	sunny				1
609	6.9	0.376348548	3.9	0.476348548	1017	sunny				1
610	6.9	0.373858921	3.9	0.473858921	1017	sunny				1
611	6.9	0.371369295	3.9	0.471369295	1017	sunny				1
612	6.9	0.368879668	3.9	0.468879668	1017	sunny				1
613	7	0.366390041	4	0.466390041	1017	sunny				1
614	7.2	0.363900415	4.2	0.463900415	1017	sunny				1
615	7.2	0.361410788	4.2	0.461410788	1017	sunny				1
616	7.2	0.358921162	4.2	0.458921162	1017	sunny				1
617	7.2	0.356431535	4.2	0.456431535	1017	sunny				1
618	7.2	0.353941909	4.2	0.453941909	1017	sunny				1
619	7.2	0.351452282	4.2	0.451452282	1017	sunny				1
620	7.2	0.348962656	4.2	0.448962656	1017	sunny				1
621	7.4	0.346473029	4.4	0.446473029	1017	sunny				1
622	7.4	0.343983402	4.4	0.443983402	1017	sunny				1
623	7.4	0.341493776	4.4	0.441493776	1017	sunny				1
624	7.6	0.339004149	4.6	0.439004149	1017	sunny				1
625	7.6	0.336514523	4.6	0.436514523	1017	sunny				1
626	7.6	0.334024896	4.6	0.434024896	1017	sunny				1
627	7.6	0.33153527	4.6	0.43153527	1017	sunny				1
628	7.6	0.329045643	4.6	0.429045643	1017	sunny				1
629	7.6	0.326556017	4.6	0.426556017	1017	sunny				1
630	7.6	0.32406639	4.6	0.42406639	1017	sunny				1
631	7.6	0.321576763	4.6	0.421576763	1017	sunny				1
632	7.6	0.319087137	4.6	0.419087137	1017	sunny				1
633	7.8	0.31659751	4.8	0.41659751	1017	sunny				1
634	7.8	0.314107884	4.8	0.414107884	1017	sunny				1
635	7.8	0.311618257	4.8	0.411618257	1017	sunny				1
636	8	0.309128631	5	0.409128631	1017	sunny				1
637	8	0.306639004	5	0.406639004	1017	sunny				1
638	8	0.304149378	5	0.404149378	1017	sunny				1
639	8	0.301659751	5	0.401659751	1017	sunny				1
640	8	0.299170124	5	0.399170124	1017	sunny				1
641	8	0.296680498	5	0.396680498	1017	sunny				1
642	8.2	0.294190871	5.2	0.394190871	1017	sunny				1
643	8.2	0.291701245	5.2	0.391701245	1017	sunny				1
644	8.6	0.289211618	5.6	0.389211618	1017	sunny				1
645	8.5	0.286721992	5.5	0.386721992	1017	sunny				1
646	8.5	0.284232365	5.5	0.384232365	1017	sunny				1
647	8.6	0.281742739	5.6	0.381742739	1017	sunny				1
648	8.7	0.279253112	5.7	0.379253112	1017	sunny				1
649	8.7	0.276763485	5.7	0.376763485	1017	sunny				1
650	8.7	0.274273859	5.7	0.374273859	1017	sunny				1
651	8.8	0.271784232	5.8	0.371784232	1017	sunny				1
652	8.8	0.269294606	5.8	0.369294606	1017	sunny				1
653	9	0.266804979	6	0.366804979	1017	sunny				1
654	9	0.264315353	6	0.364315353	1017	sunny				1
655	9	0.261825726	6	0.361825726	1017	sunny				1
656	9	0.2593361	6	0.3593361	1017	sunny				1
657	9.2	0.256846473	6.2	0.356846473	1017	sunny				1
658	9.3	0.254356846	6.3	0.354356846	1017	sunny				1
659	9.4	0.25186722	6.4	0.35186722	1017	sunny				1
660	9.5	0.249377593	6.5	0.349377593	1017	sunny				1
661	9.5	0.246887967	6.5	0.346887967	1017	sunny				1
662	9.5	0.24439834	6.5	0.34439834	1017	sunny				1
663	9.5	0.241908714	6.5	0.341908714	1017	sunny				1
664	9.5	0.239419087	6.5	0.339419087	1017	sunny				1
665	9.6	0.236929461	6.6	0.336929461	1017	sunny				1
666	9.6	0.234439834	6.6	0.334439834	1017	sunny				1
667	9.6	0.231950207	6.6	0.331950207	1017	sunny				1
668	9.7	0.229460581	6.7	0.329460581	1017	sunny				1
669	9.7	0.226970954	6.7	0.326970954	1017	sunny				1
670	9.7	0.224481328	6.7	0.324481328	1017	sunny				1
671	9.8	0.221991701	6.8	0.321991701	1017	sunny				1
672	9.8	0.219502075	6.8	0.319502075	1017	sunny				1
673	9.8	0.217012448	6.8	0.317012448	1017	sunny				1
674	9.9	0.214522822	6.9	0.314522822	1017	sunny				1
675	10	0.212033195	7	0.312033195	1017	sunny				1
676	10.1	0.209543568	7.1	0.309543568	1017	sunny				1
677	10.2	0.207053942	7.2	0.307053942	1017	sunny				1
678	10.3	0.204564315	7.3	0.304564315	1017	sunny				1
679	10.2	0.202074689	7.2	0.302074689	1017	sunny				1
680	10.1	0.199585062	7.1	0.299585062	1017	sunny				1
681	10.5	0.197095436	7.5	0.297095436	1017	sunny				1
682	10.2	0.194605809	7.2	0.294605809	1017	sunny				1
683	10.23	0.192116183	7.23	0.292116183	1017	sunny				1
684	10.5	0.189626556	7.5	0.289626556	1017	sunny				1
685	10.8	0.187136929	7.8	0.287136929	1017	sunny				1
686	10.6	0.184647303	7.6	0.284647303	1017	sunny				1
687	10.7	0.182157676	7.7	0.282157676	1017	sunny				1
688	10.9	0.17966805	7.9	0.27966805	1017	sunny				1
689	10.5	0.177178423	7.5	0.277178423	1017	sunny				1
690	11	0.174688797	8	0.274688797	1017	sunny				1
691	11.1	0.17219917	8.1	0.27219917	1017	sunny				1
692	11.2	0.169709544	8.2	0.269709544	1017	sunny				1
693	11.2	0.167219917	8.2	0.267219917	1017	sunny				1
694	11.2	0.16473029	8.2	0.26473029	1017	sunny				1
695	11.2	0.162240664	8.2	0.262240664	1017	sunny				1
696	11.25	0.159751037	8.25	0.259751037	1017	sunny				1
697	11.2	0.157261411	8.2	0.257261411	1017	sunny				1
698	11.2	0.154771784	8.2	0.254771784	1017	sunny				1
699	11.2	0.152282158	8.2	0.252282158	1017	sunny				1
700	11.2	0.149792531	8.2	0.249792531	1017	sunny				1
701	11.1	0.147302905	8.1	0.247302905	1017	sunny				1
702	11.2	0.144813278	8.2	0.244813278	1017	sunny				1
703	11.23	0.142323651	8.23	0.242323651	1017	sunny				1
704	11.22	0.139834025	8.22	0.239834025	1017	sunny				1
705	11.21	0.137344398	8.21	0.237344398	1017	sunny				1
706	11.24	0.134854772	8.24	0.234854772	1017	sunny				1
707	11.234	0.132365145	8.234	0.232365145	1017	sunny				1
708	11.5	0.129875519	8.5	0.229875519	1017	sunny				1
709	11.4	0.127385892	8.4	0.227385892	1017	sunny				1
710	11.45	0.124896266	8.45	0.224896266	1017	sunny				1
711	11.6	0.122406639	8.6	0.222406639	1017	sunny				1
712	11.6	0.119917012	8.6	0.219917012	1017	sunny				1
713	11.6	0.117427386	8.6	0.217427386	1017	sunny				1
714	11.6	0.114937759	8.6	0.214937759	1017	sunny				1
715	11.7	0.112448133	8.7	0.212448133	1017	sunny				1
716	11.7	0.109958506	8.7	0.209958506	1017	sunny				1
717	11.7	0.10746888	8.7	0.20746888	1017	sunny				1
718	11.7	0.104979253	8.7	0.204979253	1017	sunny				1
719	11.78	0.102489627	8.78	0.202489627	1017	sunny				1
720	11.8	0.1	8.8	0.2	1017	sunny				1
721	11.8	0.1	8.8	0.2	1016	sunny				1
722	11.8	0.1	8.8	0.2	1016	sunny				1
723	11.8	0.1	8.8	0.2	1015	sunny				1
724	11.9	0.1	8.9	0.2	1015	sunny				1
725	12	0.1	9	0.2	1015	sunny				1
726	12.1	0.1	9.1	0.2	1015	sunny				1
727	12.1	0.1	9.1	0.2	1015	sunny				1
728	12.2	0.1	9.2	0.2	1015	sunny				1
729	12.2	0.1	9.2	0.2	1015	sunny				1
730	12.25	0.1	9.25	0.2	1015	sunny				1
731	12.256	0.1	9.256	0.2	1015	sunny				1
732	12.22	0.1	9.22	0.2	1015	sunny				1
733	12.34	0.1	9.34	0.2	1015	sunny				1
734	12.56	0.1	9.56	0.2	1015	sunny				1
735	12.64	0.1	9.64	0.2	1015	sunny				1
736	12.1	0.1	9.1	0.2	1015	sunny				1
737	12.63	0.1	9.63	0.2	1015	sunny				1
738	12.87	0.1	9.87	0.2	1015	sunny				1
739	12.9	0.1	9.9	0.2	1015	sunny				1
740	13	0.1	10	0.2	1015	sunny				1
741	13.2	0.1	10.2	0.2	1015	sunny				1
742	13.1	0.1	10.1	0.2	1015	sunny				1
743	13.05	0.1	10.05	0.2	1015	sunny				1
744	13.23	0.1	10.23	0.2	1015	sunny				1
745	13.26	0.1	10.26	0.2	1015	sunny				1
746	13.4	0.1	10.4	0.2	1015	sunny				1
747	13.45	0.1	10.45	0.2	1015	sunny				1
748	13.456	0.1	10.456	0.2	1015	sunny				1
749	13.454	0.1	10.454	0.2	1015	sunny				1
750	13.34	0.1	10.34	0.2	1015	sunny				1
751	13.2	0.1	10.2	0.2	1015	sunny				1
752	13.5	0.1	10.5	0.2	1015	sunny				1
753	13.6	0.1	10.6	0.2	1015	sunny				1
754	13.56	0.1	10.56	0.2	1015	sunny				1
755	13.7	0.1	10.7	0.2	1015	sunny				1
756	13.6	0.1	10.6	0.2	1015	sunny				1
757	13.9	0.1	10.9	0.2	1015	sunny				1
758	14	0.1	11	0.2	1015	sunny				1
759	14.1	0.1	11.1	0.2	1015	sunny				1
760	14.01	0.1	11.01	0.2	1015	sunny				1
761	13.9	0.1	10.9	0.2	1015	sunny				1
762	13.45	0.1	10.45	0.2	1015	sunny				1
763	13.99	0.1	10.99	0.2	1015	sunny				1
764	14.2	0.1	11.2	0.2	1015	sunny				1
765	14.02	0.1	11.02	0.2	1015	sunny				1
766	13.98	0.1	10.98	0.2	1015	sunny				1
767	13.8	0.1	10.8	0.2	1015	sunny				1
768	14.02	0.1	11.02	0.2	1015	sunny				1
769	14.03	0.1	11.03	0.2	1015	sunny				1
770	14.001	0.1	11.001	0.2	1015	sunny				1
771	14.034	0.1	11.034	0.2	1015	sunny				1
772	14.34	0.1	11.34	0.2	1015	sunny				1
773	14.4	0.1	11.4	0.2	1015	sunny				1
774	14.42	0.1	11.42	0.2	1015	sunny				1
775	14.24	0.1	11.24	0.2	1015	sunny				1
776	14.21	0.1	11.21	0.2	1015	sunny				1
777	14.12	0.1	11.12	0.2	1015	sunny				1
778	14.32	0.1	11.32	0.2	1015	sunny				1
779	14.35	0.1	11.35	0.2	1015	sunny				1
780	14.67	0.1	11.67	0.2	1015	sunny				1
781	14.13	0.1	11.13	0.2	1015	sunny				1
782	14.4	0.1	11.4	0.2	1015	sunny				1
783	14.423	0.1	11.423	0.2	1015	sunny				1
784	14.234	0.1	11.234	0.2	1015	sunny				1
785	14.56	0.1	11.56	0.2	1015	sunny				1
786	14.57	0.1	11.57	0.2	1015	sunny				1
787	14.45	0.1	11.45	0.2	1015	sunny				1
788	14.23	0.1	11.23	0.2	1015	sunny				1
789	14.64	0.1	11.64	0.2	1015	sunny				1
790	14.12	0.2	11.12	0.3	1015	sunny				1
791	14.67	0.2	11.67	0.3	1015	sunny				1
792	14.98	0.2	11.98	0.3	1015	sunny				1
793	14.84	0.2	11.84	0.3	1015	sunny				1
794	14.9	0.2	11.9	0.3	1015	sunny				1
795	14.9	0.2	11.9	0.3	1015	sunny				1
796	14.9	0.2	11.9	0.3	1015	sunny				1
797	14.9	0.2	11.9	0.3	1015	sunny				1
798	14.9	0.2	11.9	0.3	1015	sunny				1
799	14.9	0.2	11.9	0.3	1015	sunny				1
800	15	0.2	12	0.3	1015	sunny				1
801	15	0.2	12	0.3	1015	sunny				1
802	15	0.2	12	0.3	1015	sunny				1
803	15	0.2	12	0.3	1015	sunny				1
804	15	0.2	12	0.3	1015	sunny				1
805	15	0.2	12	0.3	1015	sunny				1
806	15	0.2	12	0.3	1015	sunny				1
807	15	0.2	12	0.3	1015	sunny				1
808	15	0.2	12	0.3	1015	sunny				1
809	15	0.2	12	0.3	1015	sunny				1
810	15	0.2	12	0.3	1015	sunny				1
811	15	0.2	12	0.3	1015	sunny				1
812	15	0.2	12	0.3	1015	sunny				1
813	15	0.2	12	0.3	1015	sunny				1
814	15	0.2	12	0.3	1015	sunny				1
815	15	0.2	12	0.3	1015	sunny				1
816	15	0.2	12	0.3	1015	sunny				1
817	15	0.2	12	0.3	1015	sunny				1
818	15	0.2	12	0.3	1015	sunny				1
819	15	0.2	12	0.3	1015	sunny				1
820	15.1	0.2	12.1	0.3	1015	sunny				1
821	15.2	0.2	12.2	0.3	1015	sunny				1
822	15.2	0.2	12.2	0.3	1015	sunny				1
823	15	0.2	12	0.3	1015	sunny				1
824	15.23	0.2	12.23	0.3	1015	sunny				1
825	15.3	0.2	12.3	0.3	1015	sunny				1
826	15.3	0.2	12.3	0.3	1015	sunny				1
827	15.4	0.2	12.4	0.3	1015	sunny				1
828	15.4	0.2	12.4	0.3	1015	sunny				1
829	15.4	0.2	12.4	0.3	1015	sunny				1
830	15.4	0.2	12.4	0.3	1015	sunny				1
831	15.4	0.2	12.4	0.3	1015	sunny				1
832	15.4	0.2	12.4	0.3	1015	sunny				1
833	15.4	0.2	12.4	0.3	1015	sunny				1
834	15.4	0.2	12.4	0.3	1015	sunny				1
835	15.4	0.2	12.4	0.3	1015	sunny				1
836	15.4	0.2	12.4	0.3	1015	sunny				1
837	15.4	0.2	12.4	0.3	1015	sunny				1
838	15.4	0.2	12.4	0.3	1015	sunny				1
839	15.4	0.2	12.4	0.3	1015	sunny				1
840	15.5	0.200831947	12.5	0.300831947	1015	sunny				1
841	15.5	0.201663894	12.5	0.301663894	1015	sunny				1
842	15.4	0.20249584	12.4	0.30249584	1015	sunny				1
843	15.4	0.203327787	12.4	0.303327787	1015	sunny				1
844	15.4	0.204159734	12.4	0.304159734	1015	sunny				1
845	15.4	0.204991681	12.4	0.304991681	1015	sunny				1
846	15.4	0.205823627	12.4	0.305823627	1015	sunny				1
847	15.4	0.206655574	12.4	0.306655574	1015	sunny				1
848	15.4	0.207487521	12.4	0.307487521	1015	sunny				1
849	15.4	0.208319468	12.4	0.308319468	1015	sunny				1
850	15.4	0.209151414	12.4	0.309151414	1015	sunny				1
851	15.4	0.209983361	12.4	0.309983361	1015	sunny				1
852	15.4	0.210815308	12.4	0.310815308	1015	sunny				1
853	15.4	0.211647255	12.4	0.311647255	1015	sunny				1
854	15.4	0.212479201	12.4	0.312479201	1015	sunny				1
855	15.3	0.213311148	12.3	0.313311148	1015	sunny				1
856	15.3	0.214143095	12.3	0.314143095	1015	sunny				1
857	15.23	0.214975042	12.23	0.314975042	1015	sunny				1
858	15.2	0.215806988	12.2	0.315806988	1015	sunny				1
859	15.2	0.216638935	12.2	0.316638935	1015	sunny				1
860	15.1	0.217470882	12.1	0.317470882	1015	sunny				1
861	15	0.218302829	12	0.318302829	1015	sunny				1
862	15	0.219134775	12	0.319134775	1015	sunny				1
863	15	0.219966722	12	0.319966722	1015	sunny				1
864	15	0.220798669	12	0.320798669	1015	sunny				1
865	15	0.221630616	12	0.321630616	1015	sunny				1
866	15	0.222462562	12	0.322462562	1015	sunny				1
867	15	0.223294509	12	0.323294509	1015	sunny				1
868	15	0.224126456	12	0.324126456	1015	sunny				1
869	15	0.224958403	12	0.324958403	1015	sunny				1
870	15	0.225790349	12	0.325790349	1015	sunny				1
871	15	0.226622296	12	0.326622296	1015	sunny				1
872	15	0.227454243	12	0.327454243	1015	sunny				1
873	15	0.22828619	12	0.32828619	1015	sunny				1
874	15	0.229118136	12	0.329118136	1015	sunny				1
875	15	0.229950083	12	0.329950083	1015	sunny				1
876	15	0.23078203	12	0.33078203	1015	sunny				1
877	15	0.231613977	12	0.331613977	1015	sunny				1
878	15	0.232445923	12	0.332445923	1015	sunny				1
879	15	0.23327787	12	0.33327787	1015	sunny				1
880	15	0.234109817	12	0.334109817	1015	sunny				1
881	15	0.234941764	12	0.334941764	1015	sunny				1
882	14.98	0.23577371	11.98	0.33577371	1015	sunny				1
883	14.9	0.236605657	11.9	0.336605657	1015	sunny				1
884	14.9	0.237437604	11.9	0.337437604	1015	sunny				1
885	14.9	0.238269551	11.9	0.338269551	1015	sunny				1
886	14.9	0.239101498	11.9	0.339101498	1015	sunny				1
887	14.9	0.239933444	11.9	0.339933444	1015	sunny				1
888	14.9	0.240765391	11.9	0.340765391	1015	sunny				1
889	14.84	0.241597338	11.84	0.341597338	1015	sunny				1
890	14.67	0.242429285	11.67	0.342429285	1015	sunny				1
891	14.67	0.243261231	11.67	0.343261231	1015	sunny				1
892	14.64	0.244093178	11.64	0.344093178	1015	sunny				1
893	14.57	0.244925125	11.57	0.344925125	1015	sunny				1
894	14.56	0.245757072	11.56	0.345757072	1015	sunny				1
895	14.45	0.246589018	11.45	0.346589018	1015	sunny				1
896	14.423	0.247420965	11.423	0.347420965	1015	sunny				1
897	14.42	0.248252912	11.42	0.348252912	1015	sunny				1
898	14.4	0.249084859	11.4	0.349084859	1015	sunny				1
899	14.4	0.249916805	11.4	0.349916805	1015	sunny				1
900	14.35	0.250748752	11.35	0.350748752	1015	sunny				1
901	14.34	0.251580699	11.34	0.351580699	1016	sunny				1
902	14.32	0.252412646	11.32	0.352412646	1016	sunny				1
903	14.24	0.253244592	11.24	0.353244592	1016	sunny				1
904	14.234	0.254076539	11.234	0.354076539	1016	sunny				1
905	14.23	0.254908486	11.23	0.354908486	1016	sunny				1
906	14.21	0.255740433	11.21	0.355740433	1016	sunny				1
907	14.2	0.256572379	11.2	0.356572379	1016	sunny				1
908	14.13	0.257404326	11.13	0.357404326	1016	sunny				1
909	14.12	0.258236273	11.12	0.358236273	1016	sunny				1
910	14.12	0.25906822	11.12	0.35906822	1016	sunny				1
911	14.1	0.259900166	11.1	0.359900166	1016	sunny				1
912	14.034	0.260732113	11.034	0.360732113	1016	sunny				1
913	14.03	0.26156406	11.03	0.36156406	1016	sunny				1
914	14.02	0.262396007	11.02	0.362396007	1016	sunny				1
915	14.02	0.263227953	11.02	0.363227953	1016	sunny				1
916	14.01	0.2640599	11.01	0.3640599	1016	sunny				1
917	14.001	0.264891847	11.001	0.364891847	1016	sunny				1
918	14	0.265723794	11	0.365723794	1016	sunny				1
919	13.99	0.26655574	10.99	0.36655574	1016	sunny				1
920	13.98	0.267387687	10.98	0.367387687	1017	sunny				1
921	13.9	0.268219634	10.9	0.368219634	1017	sunny				1
922	13.9	0.269051581	10.9	0.369051581	1017	sunny				1
923	13.8	0.269883527	10.8	0.369883527	1017	sunny				1
924	13.7	0.270715474	10.7	0.370715474	1017	sunny				1
925	13.6	0.271547421	10.6	0.371547421	1017	sunny				1
926	13.6	0.272379368	10.6	0.372379368	1017	sunny				1
927	13.56	0.273211314	10.56	0.373211314	1017	sunny				1
928	13.5	0.274043261	10.5	0.374043261	1017	sunny				1
929	13.456	0.274875208	10.456	0.374875208	1017	sunny				1
930	13.454	0.275707155	10.454	0.375707155	1017	sunny				1
931	13.45	0.276539101	10.45	0.376539101	1017	sunny				1
932	13.45	0.277371048	10.45	0.377371048	1017	sunny				1
933	13.4	0.278202995	10.4	0.378202995	1017	sunny				1
934	13.34	0.279034942	10.34	0.379034942	1017	sunny				1
935	13.26	0.279866889	10.26	0.379866889	1017	sunny				1
936	13.23	0.280698835	10.23	0.380698835	1017	sunny				1
937	13.2	0.281530782	10.2	0.381530782	1017	sunny				1
938	13.2	0.282362729	10.2	0.382362729	1017	sunny				1
939	13.1	0.283194676	10.1	0.383194676	1017	sunny				1
940	13.05	0.284026622	10.05	0.384026622	1017	sunny				1
941	13	0.284858569	10	0.384858569	1017	sunny				1
942	12.9	0.285690516	9.9	0.385690516	1017	sunny				1
943	12.87	0.286522463	9.87	0.386522463	1017	sunny				1
944	12.64	0.287354409	9.64	0.387354409	1017	sunny				1
945	12.63	0.288186356	9.63	0.388186356	1017	sunny				1
946	12.56	0.289018303	9.56	0.389018303	1017	sunny				1
947	12.34	0.28985025	9.34	0.38985025	1017	sunny				1
948	12.256	0.290682196	9.256	0.390682196	1017	sunny				1
949	12.25	0.291514143	9.25	0.391514143	1017	sunny				1
950	12.22	0.29234609	9.22	0.39234609	1017	sunny				1
951	12.2	0.293178037	9.2	0.393178037	1017	sunny				1
952	12.2	0.294009983	9.2	0.394009983	1017	sunny				1
953	12.1	0.29484193	9.1	0.39484193	1017	sunny				1
954	12.1	0.295673877	9.1	0.395673877	1017	sunny				1
955	12.1	0.296505824	9.1	0.396505824	1017	sunny				1
956	12	0.29733777	9	0.39733777	1017	sunny				1
957	11.9	0.298169717	8.9	0.398169717	1017	sunny				1
958	11.8	0.299001664	8.8	0.399001664	1017	sunny				1
959	11.8	0.299833611	8.8	0.399833611	1017	sunny				1
960	11.8	0.300665557	8.8	0.400665557	1017	sunny				1
961	11.8	0.301497504	8.8	0.401497504	1017	sunny				1
962	11.78	0.302329451	8.78	0.402329451	1017	sunny				1
963	11.7	0.303161398	8.7	0.403161398	1017	sunny				1
964	11.7	0.303993344	8.7	0.403993344	1017	sunny				1
965	11.7	0.304825291	8.7	0.404825291	1017	sunny				1
966	11.7	0.305657238	8.7	0.405657238	1017	sunny				1
967	11.6	0.306489185	8.6	0.406489185	1017	sunny				1
968	11.6	0.307321131	8.6	0.407321131	1017	sunny				1
969	11.6	0.308153078	8.6	0.408153078	1017	sunny				1
970	11.6	0.308985025	8.6	0.408985025	1017	sunny				1
971	11.5	0.309816972	8.5	0.409816972	1017	sunny				1
972	11.45	0.310648918	8.45	0.410648918	1017	sunny				1
973	11.4	0.311480865	8.4	0.411480865	1017	sunny				1
974	11.25	0.312312812	8.25	0.412312812	1017	sunny				1
975	11.24	0.313144759	8.24	0.413144759	1017	sunny				1
976	11.234	0.313976705	8.234	0.413976705	1017	sunny				1
977	11.23	0.314808652	8.23	0.414808652	1017	sunny				1
978	11.22	0.315640599	8.22	0.415640599	1017	sunny				1
979	11.21	0.316472546	8.21	0.416472546	1017	sunny				1
980	11.2	0.317304493	8.2	0.417304493	1017	sunny				1
981	11.2	0.318136439	8.2	0.418136439	1017	sunny				1
982	11.2	0.318968386	8.2	0.418968386	1017	sunny				1
983	11.2	0.319800333	8.2	0.419800333	1017	sunny				1
984	11.2	0.32063228	8.2	0.42063228	1017	sunny				1
985	11.2	0.321464226	8.2	0.421464226	1017	sunny				1
986	11.2	0.322296173	8.2	0.422296173	1017	sunny				1
987	11.2	0.32312812	8.2	0.42312812	1017	sunny				1
988	11.2	0.323960067	8.2	0.423960067	1017	sunny				1
989	11.1	0.324792013	8.1	0.424792013	1017	sunny				1
990	11.1	0.32562396	8.1	0.42562396	1017	sunny				1
991	11	0.326455907	8	0.426455907	1017	sunny				1
992	10.9	0.327287854	7.9	0.427287854	1017	sunny				1
993	10.8	0.3281198	7.8	0.4281198	1017	sunny				1
994	10.7	0.328951747	7.7	0.428951747	1017	sunny				1
995	10.6	0.329783694	7.6	0.429783694	1017	sunny				1
996	10.5	0.330615641	7.5	0.430615641	1017	sunny				1
997	10.5	0.331447587	7.5	0.431447587	1017	sunny				1
998	10.5	0.332279534	7.5	0.432279534	1017	sunny				1
999	10.3	0.333111481	7.3	0.433111481	1017	sunny				1
1000	10.23	0.333943428	7.23	0.433943428	1017	sunny				1
1001	10.2	0.334775374	7.2	0.434775374	1017	sunny				1
1002	10.2	0.335607321	7.2	0.435607321	1017	sunny				1
1003	10.2	0.336439268	7.2	0.436439268	1017	sunny				1
1004	10.1	0.337271215	7.1	0.437271215	1017	sunny				1
1005	10.1	0.338103161	7.1	0.438103161	1017	sunny				1
1006	10	0.338935108	7	0.438935108	1017	sunny				1
1007	9.9	0.339767055	6.9	0.439767055	1017	sunny				1
1008	9.8	0.340599002	6.8	0.440599002	1017	sunny				1
1009	9.8	0.341430948	6.8	0.441430948	1017	sunny				1
1010	9.8	0.342262895	6.8	0.442262895	1017	sunny				1
1011	9.7	0.343094842	6.7	0.443094842	1017	sunny				1
1012	9.7	0.343926789	6.7	0.443926789	1017	sunny				1
1013	9.7	0.344758735	6.7	0.444758735	1017	sunny				1
1014	9.6	0.345590682	6.6	0.445590682	1017	sunny				1
1015	9.6	0.346422629	6.6	0.446422629	1017	sunny				1
1016	9.6	0.347254576	6.6	0.447254576	1017	sunny				1
1017	9.5	0.348086522	6.5	0.448086522	1017	sunny				1
1018	9.5	0.348918469	6.5	0.448918469	1017	sunny				1
1019	9.5	0.349750416	6.5	0.449750416	1017	sunny				1
1020	9.5	0.350582363	6.5	0.450582363	1017	sunny				27
1021	9.5	0.351414309	6.5	0.451414309	1017	sunny				17
1022	9.4	0.352246256	6.4	0.452246256	1017	sunny				17
1023	9.3	0.353078203	6.3	0.453078203	1017	sunny				17
1024	9.2	0.35391015	6.2	0.45391015	1017	sunny				9
1025	9	0.354742097	6	0.454742097	1017	sunny				9
1026	9	0.355574043	6	0.455574043	1017	sunny				9
1027	9	0.35640599	6	0.45640599	1017	sunny				9
1028	9	0.357237937	6	0.457237937	1017	sunny				9
1029	8.8	0.358069884	5.8	0.458069884	1017	sunny				9
1030	8.8	0.35890183	5.8	0.45890183	1017	sunny				9
1031	8.7	0.359733777	5.7	0.459733777	1017	sunny				9
1032	8.7	0.360565724	5.7	0.460565724	1017	sunny				9
1033	8.7	0.361397671	5.7	0.461397671	1017	sunny				9
1034	8.6	0.362229617	5.6	0.462229617	1017	sunny				9
1035	8.6	0.363061564	5.6	0.463061564	1017	sunny				9
1036	8.5	0.363893511	5.5	0.463893511	1017	sunny				9
1037	8.5	0.364725458	5.5	0.464725458	1017	sunny				9
1038	8.2	0.365557404	5.2	0.465557404	1017	sunny				9
1039	8.2	0.366389351	5.2	0.466389351	1017	sunny				9
1040	8	0.367221298	5	0.467221298	1017	sunny				9
1041	8	0.368053245	5	0.468053245	1017	sunny				9
1042	8	0.368885191	5	0.468885191	1017	sunny				9
1043	8	0.369717138	5	0.469717138	1017	sunny				9
1044	8	0.370549085	5	0.470549085	1017	sunny				6
1045	8	0.371381032	5	0.471381032	1017	sunny				6
1046	7.8	0.372212978	4.8	0.472212978	1017	sunny				6
1047	7.8	0.373044925	4.8	0.473044925	1017	sunny				6
1048	7.8	0.373876872	4.8	0.473876872	1017	sunny				6
1049	7.6	0.374708819	4.6	0.474708819	1017	sunny				6
1050	7.6	0.375540765	4.6	0.475540765	1017	sunny				6
1051	7.6	0.376372712	4.6	0.476372712	1017	sunny				6
1052	7.6	0.377204659	4.6	0.477204659	1017	sunny				6
1053	7.6	0.378036606	4.6	0.478036606	1017	sunny				6
1054	7.6	0.378868552	4.6	0.478868552	1017	sunny				6
1055	7.6	0.379700499	4.6	0.479700499	1017	sunny				6
1056	7.6	0.380532446	4.6	0.480532446	1017	sunny				6
1057	7.6	0.381364393	4.6	0.481364393	1017	sunny				6
1058	7.4	0.382196339	4.4	0.482196339	1017	sunny				6
1059	7.4	0.383028286	4.4	0.483028286	1017	sunny				6
1060	7.4	0.383860233	4.4	0.483860233	1017	sunny				6
1061	7.2	0.38469218	4.2	0.48469218	1017	sunny				6
1062	7.2	0.385524126	4.2	0.485524126	1017	sunny				6
1063	7.2	0.386356073	4.2	0.486356073	1017	sunny				6
1064	7.2	0.38718802	4.2	0.48718802	1017	sunny				6
1065	7.2	0.388019967	4.2	0.488019967	1017	sunny				6
1066	7.2	0.388851913	4.2	0.488851913	1017	sunny				6
1067	7.2	0.38968386	4.2	0.48968386	1017	sunny				6
1068	7	0.390515807	4	0.490515807	1017	sunny				6
1069	6.9	0.391347754	3.9	0.491347754	1017	sunny				6
1070	6.9	0.3921797	3.9	0.4921797	1017	sunny				6
1071	6.9	0.393011647	3.9	0.493011647	1017	sunny				6
1072	6.9	0.393843594	3.9	0.493843594	1017	sunny				6
1073	6.9	0.394675541	3.9	0.494675541	1017	sunny				6
1074	6.9	0.395507488	3.9	0.495507488	1017	sunny				6
1075	6.9	0.396339434	3.9	0.496339434	1017	sunny				13
1076	6.8	0.397171381	3.8	0.497171381	1017	sunny				13
1077	6.8	0.398003328	3.8	0.498003328	1017	sunny				13
1078	6.8	0.398835275	3.8	0.498835275	1017	sunny				13
1079	6.8	0.399667221	3.8	0.499667221	1017	sunny				13
1080	6.8	0.400499168	3.8	0.500499168	1017	sunny				13
1081	6.8	0.401331115	3.8	0.501331115	1017	sunny				13
1082	6.7	0.402163062	3.7	0.502163062	1017	sunny				13
1083	6.7	0.402995008	3.7	0.502995008	1017	sunny				13
1084	6.7	0.403826955	3.7	0.503826955	1017	sunny				13
1085	6.7	0.404658902	3.7	0.504658902	1017	sunny				10
1086	6.7	0.405490849	3.7	0.505490849	1017	sunny				10
1087	6.7	0.406322795	3.7	0.506322795	1017	sunny				10
1088	6.5	0.407154742	3.5	0.507154742	1017	sunny				10
1089	6.3	0.407986689	3.3	0.507986689	1017	sunny				10
1090	6.3	0.408818636	3.3	0.508818636	1017	sunny				10
1091	6.2	0.409650582	3.2	0.509650582	1017	sunny				10
1092	6.1	0.410482529	3.1	0.510482529	1017	sunny				10
1093	6.1	0.411314476	3.1	0.511314476	1017	sunny				10
1094	6	0.412146423	3	0.512146423	1017	sunny				10
1095	6	0.412978369	3	0.512978369	1017	sunny				10
1096	6	0.413810316	3	0.513810316	1017	sunny				10
1097	6	0.414642263	3	0.514642263	1017	sunny				10
1098	6	0.41547421	3	0.51547421	1017	sunny				10
1099	6	0.416306156	3	0.516306156	1017	sunny				10
1100	6	0.417138103	3	0.517138103	1017	sunny				10
1101	6	0.41797005	3	0.51797005	1017	sunny				10
1102	6	0.418801997	3	0.518801997	1017	sunny				10
1103	5.9	0.419633943	2.9	0.519633943	1017	sunny				10
1104	5.9	0.42046589	2.9	0.52046589	1017	sunny				10
1105	5.9	0.421297837	2.9	0.521297837	1017	sunny				10
1106	5.9	0.422129784	2.9	0.522129784	1017	sunny				10
1107	5.9	0.42296173	2.9	0.52296173	1017	sunny				10
1108	5.9	0.423793677	2.9	0.523793677	1017	sunny				10
1109	5.9	0.424625624	2.9	0.524625624	1017	sunny				10
1110	5.9	0.425457571	2.9	0.525457571	1017	sunny				10
1111	5.8	0.426289517	2.8	0.526289517	1017	sunny				10
1112	5.8	0.427121464	2.8	0.527121464	1017	sunny				10
1113	5.8	0.427953411	2.8	0.527953411	1017	sunny				10
1114	5.8	0.428785358	2.8	0.528785358	1017	sunny				10
1115	5.8	0.429617304	2.8	0.529617304	1017	sunny				10
1116	5.8	0.430449251	2.8	0.530449251	1017	sunny				10
1117	5.8	0.431281198	2.8	0.531281198	1017	sunny				10
1118	5.8	0.432113145	2.8	0.532113145	1017	sunny				10
1119	5.8	0.432945092	2.8	0.532945092	1017	sunny				10
1120	5.8	0.433777038	2.8	0.533777038	1017	sunny				10
1121	5.8	0.434608985	2.8	0.534608985	1017	sunny				10
1122	5.8	0.435440932	2.8	0.535440932	1017	sunny				10
1123	5.7	0.436272879	2.7	0.536272879	1017	sunny				10
1124	5.7	0.437104825	2.7	0.537104825	1017	sunny				10
1125	5.7	0.437936772	2.7	0.537936772	1017	sunny				10
1126	5.7	0.438768719	2.7	0.538768719	1017	sunny				10
1127	5.7	0.439600666	2.7	0.539600666	1017	sunny				10
1128	5.7	0.440432612	2.7	0.540432612	1017	sunny				10
1129	5.6	0.441264559	2.6	0.541264559	1017	sunny				10
1130	5.6	0.442096506	2.6	0.542096506	1017	sunny				10
1131	5.6	0.442928453	2.6	0.542928453	1017	sunny				10
1132	5.6	0.443760399	2.6	0.543760399	1017	sunny				10
1133	5.5	0.444592346	2.5	0.544592346	1017	sunny				10
1134	5.5	0.445424293	2.5	0.545424293	1017	sunny				10
1135	5.5	0.44625624	2.5	0.54625624	1017	sunny				10
1136	5.5	0.447088186	2.5	0.547088186	1017	sunny				10
1137	5.4	0.447920133	2.4	0.547920133	1017	sunny				10
1138	5.4	0.44875208	2.4	0.54875208	1017	sunny				10
1139	5.4	0.449584027	2.4	0.549584027	1017	sunny				10
1140	5.4	0.450415973	2.4	0.550415973	1017	sunny				10
1141	5.4	0.45124792	2.4	0.55124792	1017	cloudy				10
1142	5.4	0.452079867	2.4	0.552079867	1017	cloudy				10
1143	5.4	0.452911814	2.4	0.552911814	1017	cloudy				10
1144	5.4	0.45374376	2.4	0.55374376	1017	cloudy				10
1145	5.4	0.454575707	2.4	0.554575707	1017	cloudy				10
1146	5.3	0.455407654	2.3	0.555407654	1017	cloudy				10
1147	5.3	0.456239601	2.3	0.556239601	1017	cloudy				10
1148	5.3	0.457071547	2.3	0.557071547	1017	cloudy				10
1149	5.2	0.457903494	2.2	0.557903494	1017	cloudy				10
1150	5.2	0.458735441	2.2	0.558735441	1017	cloudy				10
1151	5.2	0.459567388	2.2	0.559567388	1017	cloudy				10
1152	5.2	0.460399334	2.2	0.560399334	1017	cloudy				10
1153	5.2	0.461231281	2.2	0.561231281	1017	cloudy				10
1154	5.1	0.462063228	2.1	0.562063228	1017	cloudy				10
1155	5.1	0.462895175	2.1	0.562895175	1017	cloudy				24
1156	5.1	0.463727121	2.1	0.563727121	1017	cloudy				24
1157	5.1	0.464559068	2.1	0.564559068	1017	cloudy				24
1158	5.1	0.465391015	2.1	0.565391015	1017	cloudy				24
1159	5.1	0.466222962	2.1	0.566222962	1017	cloudy				24
1160	5.1	0.467054908	2.1	0.567054908	1017	cloudy				24
1161	5	0.467886855	2	0.567886855	1017	cloudy				24
1162	5	0.468718802	2	0.568718802	1017	cloudy				24
1163	5	0.469550749	2	0.569550749	1017	cloudy				24
1164	5	0.470382696	2	0.570382696	1017	cloudy				24
1165	5	0.471214642	2	0.571214642	1017	cloudy				24
1166	4.9	0.472046589	1.9	0.572046589	1017	cloudy				24
1167	4.9	0.472878536	1.9	0.572878536	1017	cloudy				24
1168	4.9	0.473710483	1.9	0.573710483	1017	cloudy				24
1169	4.9	0.474542429	1.9	0.574542429	1017	cloudy				24
1170	4.8	0.475374376	1.8	0.575374376	1017	cloudy				20
1171	4.8	0.476206323	1.8	0.576206323	1017	cloudy				20
1172	4.8	0.47703827	1.8	0.57703827	1017	cloudy				20
1173	4.8	0.477870216	1.8	0.577870216	1017	cloudy				20
1174	4.8	0.478702163	1.8	0.578702163	1017	cloudy				20
1175	4.8	0.47953411	1.8	0.57953411	1017	cloudy				20
1176	4.8	0.480366057	1.8	0.580366057	1017	cloudy				20
1177	4.8	0.481198003	1.8	0.581198003	1017	cloudy				20
1178	4.8	0.48202995	1.8	0.58202995	1017	cloudy				20
1179	4.8	0.482861897	1.8	0.582861897	1017	cloudy				20
1180	4.7	0.483693844	1.7	0.583693844	1017	cloudy				20
1181	4.7	0.48452579	1.7	0.58452579	1017	cloudy				20
1182	4.7	0.485357737	1.7	0.585357737	1017	cloudy				20
1183	4.7	0.486189684	1.7	0.586189684	1017	cloudy				20
1184	4.7	0.487021631	1.7	0.587021631	1017	cloudy				20
1185	4.7	0.487853577	1.7	0.587853577	1017	cloudy				20
1186	4.7	0.488685524	1.7	0.588685524	1017	cloudy				20
1187	4.6	0.489517471	1.6	0.589517471	1017	cloudy				20
1188	4.6	0.490349418	1.6	0.590349418	1017	cloudy				20
1189	4.6	0.491181364	1.6	0.591181364	1017	cloudy				20
1190	4.6	0.492013311	1.6	0.592013311	1017	cloudy				20
1191	4.6	0.492845258	1.6	0.592845258	1017	cloudy				20
1192	4.6	0.493677205	1.6	0.593677205	1017	cloudy				20
1193	4.6	0.494509151	1.6	0.594509151	1017	cloudy				20
1194	4.6	0.495341098	1.6	0.595341098	1017	cloudy				20
1195	4.6	0.496173045	1.6	0.596173045	1017	cloudy				20
1196	4.6	0.497004992	1.6	0.597004992	1017	cloudy				20
1197	4.6	0.497836938	1.6	0.597836938	1017	cloudy				20
1198	4.6	0.498668885	1.6	0.598668885	1017	cloudy				20
1199	4.6	0.499500832	1.6	0.599500832	1017	cloudy				20
1200	4.6	0.500332779	1.6	0.600332779	1017	cloudy				20
1201	4.6	0.501164725	1.6	0.601164725	1017	cloudy				20
1202	4.5	0.501996672	1.5	0.601996672	1017	cloudy				20
1203	4.5	0.502828619	1.5	0.602828619	1017	cloudy				20
1204	4.5	0.503660566	1.5	0.603660566	1017	cloudy				20
1205	4.5	0.504492512	1.5	0.604492512	1017	cloudy				20
1206	4.5	0.505324459	1.5	0.605324459	1017	cloudy				20
1207	4.5	0.506156406	1.5	0.606156406	1017	cloudy				20
1208	4.5	0.506988353	1.5	0.606988353	1017	cloudy				20
1209	4.5	0.5078203	1.5	0.6078203	1017	cloudy				20
1210	4.5	0.508652246	1.5	0.608652246	1017	cloudy				20
1211	4.5	0.509484193	1.5	0.609484193	1017	cloudy				20
1212	4.5	0.51031614	1.5	0.61031614	1017	cloudy				20
1213	4.5	0.511148087	1.5	0.611148087	1017	cloudy				20
1214	4.5	0.511980033	1.5	0.611980033	1017	cloudy				20
1215	4.5	0.51281198	1.5	0.61281198	1017	cloudy				20
1216	4.5	0.513643927	1.5	0.613643927	1017	cloudy				20
1217	4.5	0.514475874	1.5	0.614475874	1017	cloudy				20
1218	4.5	0.51530782	1.5	0.61530782	1017	cloudy				20
1219	4.5	0.516139767	1.5	0.616139767	1017	cloudy				20
1220	4.5	0.516971714	1.5	0.616971714	1017	cloudy				20
1221	4.5	0.517803661	1.5	0.617803661	1017	cloudy				20
1222	4.5	0.518635607	1.5	0.618635607	1017	cloudy				20
1223	4.5	0.519467554	1.5	0.619467554	1017	cloudy				20
1224	4.5	0.520299501	1.5	0.620299501	1017	cloudy				20
1225	4.5	0.521131448	1.5	0.621131448	1017	cloudy				20
1226	4.5	0.521963394	1.5	0.621963394	1017	cloudy				20
1227	4.5	0.522795341	1.5	0.622795341	1017	cloudy				20
1228	4.5	0.523627288	1.5	0.623627288	1017	cloudy				20
1229	4.5	0.524459235	1.5	0.624459235	1017	cloudy				20
1230	4.5	0.525291181	1.5	0.625291181	1017	cloudy				19
1231	4.5	0.526123128	1.5	0.626123128	1017	cloudy				19
1232	4.5	0.526955075	1.5	0.626955075	1017	cloudy				19
1233	4.5	0.527787022	1.5	0.627787022	1017	cloudy				19
1234	4.4	0.528618968	1.4	0.628618968	1017	cloudy				19
1235	4.35	0.529450915	1.35	0.629450915	1017	cloudy				19
1236	4.3	0.530282862	1.3	0.630282862	1017	cloudy				19
1237	4.3	0.531114809	1.3	0.631114809	1017	cloudy				19
1238	4.3	0.531946755	1.3	0.631946755	1017	cloudy				19
1239	4.3	0.532778702	1.3	0.632778702	1017	cloudy				19
1240	4.3	0.533610649	1.3	0.633610649	1017	cloudy				19
1241	4.3	0.534442596	1.3	0.634442596	1017	cloudy				19
1242	4.2	0.535274542	1.2	0.635274542	1017	cloudy				19
1243	4.2	0.536106489	1.2	0.636106489	1017	cloudy				19
1244	4.2	0.536938436	1.2	0.636938436	1017	cloudy				19
1245	4.2	0.537770383	1.2	0.637770383	1017	cloudy				19
1246	4.2	0.538602329	1.2	0.638602329	1017	cloudy				19
1247	4.11	0.539434276	1.11	0.639434276	1017	cloudy				19
1248	4.1	0.540266223	1.1	0.640266223	1017	cloudy				19
1249	4.09	0.54109817	1.09	0.64109817	1017	cloudy				19
1250	4.09	0.541930116	1.09	0.641930116	1017	cloudy				19
1251	4.08	0.542762063	1.08	0.642762063	1017	cloudy				19
1252	4.08	0.54359401	1.08	0.64359401	1017	cloudy				19
1253	4	0.544425957	1	0.644425957	1017	cloudy				19
1254	4	0.545257903	1	0.645257903	1017	cloudy				19
1255	4	0.54608985	1	0.64608985	1017	cloudy				19
1256	4	0.546921797	1	0.646921797	1017	cloudy				19
1257	4	0.547753744	1	0.647753744	1017	cloudy				19
1258	4	0.548585691	1	0.648585691	1017	cloudy				19
1259	4	0.549417637	1	0.649417637	1017	cloudy				19
1260	4	0.550249584	1	0.650249584	1017	cloudy				19
1261	4	0.551081531	1	0.651081531	1017	cloudy				19
1262	4	0.551913478	1	0.651913478	1017	cloudy				19
1263	4	0.552745424	1	0.652745424	1017	cloudy				19
1264	4	0.553577371	1	0.653577371	1017	cloudy				19
1265	4	0.554409318	1	0.654409318	1017	cloudy				19
1266	4	0.555241265	1	0.655241265	1017	cloudy				19
1267	4	0.556073211	1	0.656073211	1017	cloudy				19
1268	4	0.556905158	1	0.656905158	1017	cloudy				19
1269	4	0.557737105	1	0.657737105	1017	cloudy				19
1270	4	0.558569052	1	0.658569052	1017	cloudy				19
1271	4	0.559400998	1	0.659400998	1017	cloudy				19
1272	4	0.560232945	1	0.660232945	1017	cloudy				19
1273	4	0.561064892	1	0.661064892	1017	cloudy				19
1274	4	0.561896839	1	0.661896839	1017	cloudy				19
1275	4	0.562728785	1	0.662728785	1017	cloudy				19
1276	4	0.563560732	1	0.663560732	1017	cloudy				19
1277	4	0.564392679	1	0.664392679	1017	cloudy				19
1278	4	0.565224626	1	0.665224626	1017	cloudy				19
1279	4	0.566056572	1	0.666056572	1017	cloudy				19
1280	4	0.566888519	1	0.666888519	1017	cloudy				19
1281	4	0.567720466	1	0.667720466	1017	cloudy				19
1282	4	0.568552413	1	0.668552413	1017	cloudy				19
1283	3.9	0.569384359	0.9	0.669384359	1017	cloudy				19
1284	3.9	0.570216306	0.9	0.670216306	1017	cloudy				19
1285	3.9	0.571048253	0.9	0.671048253	1017	cloudy				19
1286	3.9	0.5718802	0.9	0.6718802	1017	cloudy				19
1287	3.9	0.572712146	0.9	0.672712146	1017	cloudy				19
1288	3.9	0.573544093	0.9	0.673544093	1017	cloudy				19
1289	3.9	0.57437604	0.9	0.67437604	1017	cloudy				19
1290	3.9	0.575207987	0.9	0.675207987	1017	cloudy				1
1291	3.9	0.576039933	0.9	0.676039933	1017	cloudy				1
1292	3.9	0.57687188	0.9	0.67687188	1017	cloudy				1
1293	3.9	0.577703827	0.9	0.677703827	1017	cloudy				1
1294	3.9	0.578535774	0.9	0.678535774	1017	cloudy				1
1295	3.9	0.57936772	0.9	0.67936772	1017	cloudy				1
1296	3.9	0.580199667	0.9	0.680199667	1017	cloudy				1
1297	3.9	0.581031614	0.9	0.681031614	1017	cloudy				1
1298	3.9	0.581863561	0.9	0.681863561	1017	cloudy				1
1299	3.9	0.582695507	0.9	0.682695507	1017	cloudy				1
1300	3.9	0.583527454	0.9	0.683527454	1017	cloudy				22
1301	3.9	0.584359401	0.9	0.684359401	1017	cloudy				2
1302	3.9	0.585191348	0.9	0.685191348	1017	cloudy				2
1303	3.9	0.586023295	0.9	0.686023295	1017	cloudy				2
1304	3.9	0.586855241	0.9	0.686855241	1017	cloudy				2
1305	3.9	0.587687188	0.9	0.687687188	1017	cloudy				2
1306	3.9	0.588519135	0.9	0.688519135	1017	cloudy				2
1307	3.9	0.589351082	0.9	0.689351082	1017	cloudy				2
1308	3.9	0.590183028	0.9	0.690183028	1017	cloudy				2
1309	3.9	0.591014975	0.9	0.691014975	1017	cloudy				2
1310	3.9	0.591846922	0.9	0.691846922	1017	cloudy				2
1311	3.9	0.592678869	0.9	0.692678869	1017	cloudy				2
1312	3.9	0.593510815	0.9	0.693510815	1017	cloudy				2
1313	3.9	0.594342762	0.9	0.694342762	1017	cloudy				2
1314	3.9	0.595174709	0.9	0.695174709	1017	cloudy				2
1315	3.9	0.596006656	0.9	0.696006656	1017	cloudy				2
1316	3.9	0.596838602	0.9	0.696838602	1017	cloudy				2
1317	3.9	0.597670549	0.9	0.697670549	1017	cloudy				2
1318	3.9	0.598502496	0.9	0.698502496	1017	cloudy				2
1319	3.9	0.599334443	0.9	0.699334443	1017	cloudy				2
1320	3.9	0.600166389	0.9	0.700166389	1017	cloudy				2
1321	3.9	0.600998336	0.9	0.700998336	1017	cloudy				2
1322	3.9	0.601830283	0.9	0.701830283	1017	cloudy				2
1323	3.8	0.60266223	0.8	0.70266223	1017	cloudy				2
1324	3.8	0.603494176	0.8	0.703494176	1017	cloudy				2
1325	3.7	0.604326123	0.7	0.704326123	1017	cloudy				2
1326	3.4	0.60515807	0.4	0.70515807	1017	cloudy				2
1327	3.5	0.605990017	0.5	0.705990017	1017	cloudy				2
1328	3.4	0.606821963	0.4	0.706821963	1017	cloudy				2
1329	3.4	0.60765391	0.4	0.70765391	1017	cloudy				2
1330	3.4	0.608485857	0.4	0.708485857	1017	cloudy				2
1331	3.4	0.609317804	0.4	0.709317804	1017	cloudy				2
1332	3.4	0.61014975	0.4	0.71014975	1017	cloudy				2
1333	3.4	0.610981697	0.4	0.710981697	1017	cloudy				2
1334	3.4	0.611813644	0.4	0.711813644	1017	cloudy				2
1335	3.4	0.612645591	0.4	0.712645591	1017	cloudy				2
1336	3.4	0.613477537	0.4	0.713477537	1017	cloudy				2
1337	3.4	0.614309484	0.4	0.714309484	1017	cloudy				2
1338	3.4	0.615141431	0.4	0.715141431	1017	cloudy				2
1339	3.4	0.615973378	0.4	0.715973378	1017	cloudy				2
1340	3.4	0.616805324	0.4	0.716805324	1017	cloudy				2
1341	3.4	0.617637271	0.4	0.717637271	1017	cloudy				2
1342	3.4	0.618469218	0.4	0.718469218	1017	cloudy				2
1343	3.4	0.619301165	0.4	0.719301165	1017	cloudy				2
1344	3.4	0.620133111	0.4	0.720133111	1017	cloudy				2
1345	3.4	0.620965058	0.4	0.720965058	1017	cloudy				2
1346	3.4	0.621797005	0.4	0.721797005	1017	cloudy				2
1347	3.4	0.622628952	0.4	0.722628952	1017	cloudy				2
1348	3.4	0.623460899	0.4	0.723460899	1017	cloudy				2
1349	3.4	0.624292845	0.4	0.724292845	1017	cloudy				2
1350	3.4	0.625124792	0.4	0.725124792	1017	cloudy				2
1351	3.4	0.625956739	0.4	0.725956739	1017	cloudy				2
1352	3.4	0.626788686	0.4	0.726788686	1017	cloudy				2
1353	3.4	0.627620632	0.4	0.727620632	1017	cloudy				2
1354	3.4	0.628452579	0.4	0.728452579	1017	cloudy				2
1355	3.4	0.629284526	0.4	0.729284526	1017	cloudy				2
1356	3.4	0.630116473	0.4	0.730116473	1017	cloudy				2
1357	3.4	0.630948419	0.4	0.730948419	1017	cloudy				2
1358	3.4	0.631780366	0.4	0.731780366	1017	cloudy				2
1359	3.4	0.632612313	0.4	0.732612313	1017	cloudy				2
1360	3.4	0.63344426	0.4	0.73344426	1017	cloudy				2
1361	3.4	0.634276206	0.4	0.734276206	1017	cloudy				2
1362	3.4	0.635108153	0.4	0.735108153	1017	cloudy				2
1363	3.4	0.6359401	0.4	0.7359401	1017	cloudy				2
1364	3.4	0.636772047	0.4	0.736772047	1017	cloudy				2
1365	3.4	0.637603993	0.4	0.737603993	1017	cloudy				2
1366	3.4	0.63843594	0.4	0.73843594	1017	cloudy				2
1367	3.4	0.639267887	0.4	0.739267887	1017	cloudy				2
1368	3.4	0.640099834	0.4	0.740099834	1017	cloudy				2
1369	3.4	0.64093178	0.4	0.74093178	1017	cloudy				2
1370	3.4	0.641763727	0.4	0.741763727	1017	cloudy				2
1371	3.4	0.642595674	0.4	0.742595674	1017	cloudy				2
1372	3.4	0.643427621	0.4	0.743427621	1017	cloudy				2
1373	3.4	0.644259567	0.4	0.744259567	1017	cloudy				2
1374	3.4	0.645091514	0.4	0.745091514	1017	cloudy				2
1375	3.4	0.645923461	0.4	0.745923461	1017	cloudy				2
1376	3.4	0.646755408	0.4	0.746755408	1017	cloudy				2
1377	3.4	0.647587354	0.4	0.747587354	1017	cloudy				2
1378	3.4	0.648419301	0.4	0.748419301	1017	cloudy				2
1379	3.4	0.649251248	0.4	0.749251248	1017	cloudy				2
1380	3.4	0.650083195	0.4	0.750083195	1017	cloudy				2
1381	3.4	0.650915141	0.4	0.750915141	1017	cloudy				2
1382	3.4	0.651747088	0.4	0.751747088	1017	cloudy				2
1383	3.4	0.652579035	0.4	0.752579035	1017	cloudy				2
1384	3.4	0.653410982	0.4	0.753410982	1017	cloudy				2
1385	3.4	0.654242928	0.4	0.754242928	1017	cloudy				2
1386	3.4	0.655074875	0.4	0.755074875	1017	cloudy				2
1387	3.4	0.655906822	0.4	0.755906822	1017	cloudy				2
1388	3.4	0.656738769	0.4	0.756738769	1017	cloudy				2
1389	3.4	0.657570715	0.4	0.757570715	1017	cloudy				2
1390	3.4	0.658402662	0.4	0.758402662	1017	cloudy				2
1391	3.4	0.659234609	0.4	0.759234609	1017	cloudy				2
1392	3.4	0.660066556	0.4	0.760066556	1017	cloudy				2
1393	3.4	0.660898502	0.4	0.760898502	1017	cloudy				2
1394	3.4	0.661730449	0.4	0.761730449	1017	cloudy				2
1395	3.4	0.662562396	0.4	0.762562396	1017	cloudy				2
1396	3.4	0.663394343	0.4	0.763394343	1017	cloudy				2
1397	3.4	0.66422629	0.4	0.76422629	1017	cloudy				2
1398	3.4	0.665058236	0.4	0.765058236	1017	cloudy				2
1399	3.4	0.665890183	0.4	0.765890183	1017	cloudy				2
1400	3.4	0.66672213	0.4	0.76672213	1017	cloudy				2
1401	3.4	0.667554077	0.4	0.767554077	1017	cloudy				2
1402	3.4	0.668386023	0.4	0.768386023	1017	cloudy				2
1403	3.4	0.66921797	0.4	0.76921797	1017	cloudy				2
1404	3.4	0.670049917	0.4	0.770049917	1017	cloudy				2
1405	3.4	0.670881864	0.4	0.770881864	1017	cloudy				2
1406	3.4	0.67171381	0.4	0.77171381	1017	cloudy				2
1407	3.4	0.672545757	0.4	0.772545757	1017	cloudy				2
1408	3.4	0.673377704	0.4	0.773377704	1017	cloudy				2
1409	3.4	0.674209651	0.4	0.774209651	1017	cloudy				2
1410	3.4	0.675041597	0.4	0.775041597	1017	cloudy				2
1411	3.4	0.675873544	0.4	0.775873544	1017	cloudy				2
1412	3.4	0.676705491	0.4	0.776705491	1017	cloudy				2
1413	3.4	0.677537438	0.4	0.777537438	1017	cloudy				2
1414	3.4	0.678369384	0.4	0.778369384	1017	cloudy				2
1415	3.4	0.679201331	0.4	0.779201331	1017	cloudy				2
1416	3.4	0.680033278	0.4	0.780033278	1017	cloudy				2
1417	3.4	0.680865225	0.4	0.780865225	1017	cloudy				2
1418	3.4	0.681697171	0.4	0.781697171	1017	cloudy				2
1419	3.4	0.682529118	0.4	0.782529118	1017	cloudy				2
1420	3.4	0.683361065	0.4	0.783361065	1017	cloudy				2
1421	3.4	0.684193012	0.4	0.784193012	1017	cloudy				2
1422	3.4	0.685024958	0.4	0.785024958	1017	cloudy				2
1423	3.4	0.685856905	0.4	0.785856905	1017	cloudy				2
1424	3.4	0.686688852	0.4	0.786688852	1017	cloudy				2
1425	3.4	0.687520799	0.4	0.787520799	1017	cloudy				2
1426	3.4	0.688352745	0.4	0.788352745	1017	cloudy				2
1427	3.4	0.689184692	0.4	0.789184692	1017	cloudy				2
1428	3.4	0.690016639	0.4	0.790016639	1017	cloudy				2
1429	3.4	0.690848586	0.4	0.790848586	1017	cloudy				2
1430	3.4	0.691680532	0.4	0.791680532	1017	cloudy				2
1431	3.4	0.692512479	0.4	0.792512479	1017	cloudy				2
1432	3.4	0.693344426	0.4	0.793344426	1017	cloudy				2
1433	3.4	0.694176373	0.4	0.794176373	1017	cloudy				2
1434	3.4	0.695008319	0.4	0.795008319	1017	cloudy				2
1435	3.4	0.695840266	0.4	0.795840266	1017	cloudy				2
1436	3.3	0.696672213	0.3	0.796672213	1017	cloudy				2
1437	3.3	0.69750416	0.3	0.79750416	1017	cloudy				2
1438	3.3	0.698336106	0.3	0.798336106	1017	cloudy				2
1439	3.3	0.699168053	0.3	0.799168053	1017	cloudy				2
1440	3.3	0.7	0.3	0.8	1017	cloudy				2
